Phase 1: Forward Kinematics Numerical Example

DH parameters:
joint, theta_variable, d, a, alpha
1, theta_1, 0.350000, 0.000000, 1.570796
2, theta_2, 0.000000, 0.450000, 0.000000
3, theta_3, 0.000000, 0.300000, 0.000000

Joint angles:
degrees: [ 30.  45. -20.]
radians: [ 0.523599  0.785398 -0.349066]

T_B1:
[[ 0.866025 -0.        0.5       0.      ]
 [ 0.5       0.       -0.866025  0.      ]
 [ 0.        1.        0.        0.35    ]
 [ 0.        0.        0.        1.      ]]

T_B2:
[[ 0.612372 -0.612372  0.5       0.275568]
 [ 0.353553 -0.353553 -0.866025  0.159099]
 [ 0.707107  0.707107  0.        0.668198]
 [ 0.        0.        0.        1.      ]]

T_B3:
[[ 0.784886 -0.365998  0.5       0.511033]
 [ 0.453154 -0.211309 -0.866025  0.295045]
 [ 0.422618  0.906308  0.        0.794984]
 [ 0.        0.        0.        1.      ]]

End-effector pose T_BE:
[[ 0.784886 -0.365998  0.5       0.511033]
 [ 0.453154 -0.211309 -0.866025  0.295045]
 [ 0.422618  0.906308  0.        0.794984]
 [ 0.        0.        0.        1.      ]]

End-effector position [m]:
[0.511033 0.295045 0.794984]
